64 64

1 1 1 1 1 1 1 1 1 1 1 1 1 1 1 1 1 1 1 1 1 1 1 1 1 1 1 1 1 1 1 1 1 1 1 1 1 1 1 1 1 1 1 1 1 1 1 1 1 1 1 1 1 1 1 1 1 1 1 1 1 1 1 1 
1 1 1 1 1 1 1 1 1 1 1 1 1 1 1 1 1 1 1 1 1 1 1 1 1 1 1 1 1 1 1 1 1 1 1 1 1 1 1 1 1 1 1 1 1 1 1 1 1 1 1 1 1 1 1 1 1 1 1 1 1 1 1 1 
1 1 1 1 1 1 1 1 1 1 1 1 1 1 1 1 1 1 1 1 1 1 1 1 1 1 1 1 1 1 1 1 1 1 1 1 1 1 1 1 1 1 1 1 1 1 1 1 1 1 1 1 1 1 1 1 1 1 1 1 1 1 1 1 
1 1 1 1 1 1 1 1 1 1 1 1 1 1 1 1 1 1 1 1 1 1 1 1 1 1 1 1 1 1 1 1 1 1 1 1 1 1 1 1 1 1 1 1 1 1 1 1 1 1 1 1 1 1 1 1 1 1 1 1 1 1 1 1 
1 1 1 1 1 1 1 1 1 1 1 1 1 1 1 1 1 1 1 1 1 1 1 1 1 1 1 1 1 1 2 4 4 3 1 1 1 1 1 1 1 1 1 1 1 1 1 1 1 1 1 1 1 1 1 1 1 1 1 1 1 1 1 1 
1 1 1 1 1 1 1 1 1 1 1 1 1 1 1 1 1 1 1 1 1 1 1 1 1 1 1 1 2 5 12 20 21 18 9 3 1 1 1 1 1 1 1 1 1 1 1 1 1 1 1 1 1 1 1 1 1 1 1 1 1 1 1 1 
1 1 1 1 1 1 1 1 1 1 1 1 1 1 1 1 1 1 1 1 1 1 1 1 1 1 1 2 7 21 40 53 59 53 38 16 4 1 1 1 1 1 1 1 1 1 1 1 1 1 1 1 1 1 1 1 1 1 1 1 1 1 1 1 
1 1 1 1 1 1 1 1 1 1 1 1 1 1 1 1 3 4 4 3 1 1 1 1 1 1 1 4 19 47 74 87 92 88 76 48 16 3 1 1 1 1 1 1 1 1 1 1 1 1 1 1 1 1 1 1 1 1 1 1 1 1 1 1 
1 1 1 1 1 1 1 1 1 1 1 1 1 1 3 7 14 20 21 16 8 3 1 1 1 1 2 9 32 68 94 100 100 100 97 78 41 9 1 1 1 1 1 1 1 1 1 1 1 1 1 1 1 1 1 1 1 1 1 1 1 1 1 1 
1 1 1 1 1 1 1 1 1 1 1 1 1 3 9 25 41 52 55 51 37 19 6 2 1 1 2 11 42 81 100 100 100 100 100 94 61 20 3 1 1 1 1 1 1 1 1 1 1 1 1 1 1 1 1 1 1 1 1 1 1 1 1 1 
1 1 1 1 1 1 1 1 1 1 1 1 1 6 23 50 73 85 89 88 79 59 29 9 2 1 2 12 45 86 100 100 100 100 100 99 74 28 4 1 1 1 1 1 1 1 1 1 1 1 1 1 1 1 1 1 1 1 1 1 1 1 1 1 
1 1 1 1 1 1 1 1 1 1 1 1 3 12 36 69 92 100 100 100 99 91 72 34 9 2 2 8 42 87 100 100 100 100 100 100 78 33 5 1 1 1 1 1 1 1 1 1 1 1 1 1 1 1 1 1 1 1 1 1 1 1 1 1 
1 1 1 1 1 1 1 1 1 1 1 1 3 15 45 79 99 100 100 100 100 100 94 69 28 5 2 5 34 82 100 100 100 100 100 100 79 33 5 1 1 1 1 1 1 1 1 1 1 1 1 1 1 1 1 1 1 1 1 1 1 1 1 1 
1 1 1 1 1 1 1 1 1 1 1 1 3 15 42 78 99 100 100 100 100 100 100 85 51 14 3 4 29 76 100 100 100 100 100 100 76 29 4 1 1 1 1 1 1 1 1 1 1 1 1 1 1 1 1 1 1 1 1 1 1 1 1 1 
1 1 1 1 1 1 1 1 1 1 1 1 2 8 33 69 95 100 100 100 100 100 100 92 56 22 5 4 28 73 99 100 100 100 100 99 74 28 4 1 1 1 1 1 1 1 1 1 1 1 1 1 1 1 1 1 1 1 1 1 1 1 1 1 
1 1 1 1 1 1 1 1 1 1 1 1 1 4 16 48 81 98 100 100 100 100 100 90 59 22 5 4 28 73 99 100 100 100 100 99 73 28 4 1 1 1 1 1 1 1 1 1 1 1 1 1 1 1 1 1 1 1 1 1 1 1 1 1 
1 1 1 1 1 1 1 1 1 1 1 3 3 3 5 19 50 81 96 100 100 100 98 81 45 19 5 5 28 73 99 100 100 100 100 99 73 28 4 1 1 1 1 1 1 1 1 1 1 1 1 1 1 1 1 1 1 1 1 1 1 1 1 1 
1 1 1 1 1 1 1 1 1 3 7 14 17 18 12 8 17 41 69 83 90 88 80 59 33 11 3 4 28 72 99 100 100 100 100 99 72 28 4 1 1 1 1 1 1 1 1 1 1 1 1 1 1 1 1 1 1 1 1 1 1 1 1 1 
1 1 1 1 1 1 1 1 3 10 26 38 50 51 47 32 16 13 26 47 52 55 43 31 14 5 2 4 27 71 99 100 100 100 100 99 71 27 4 1 1 1 1 1 1 1 1 1 1 1 1 1 1 1 1 1 1 1 1 1 1 1 1 1 
1 1 1 1 1 1 1 1 7 26 52 72 84 87 84 74 54 29 15 13 18 18 16 9 4 2 1 4 26 71 99 100 100 100 100 99 71 26 4 1 1 1 1 1 1 1 1 1 1 1 1 1 1 1 1 1 1 1 1 1 1 1 1 1 
1 1 1 1 1 1 1 3 14 38 73 94 100 100 100 98 90 73 50 29 15 7 3 2 1 1 1 4 26 71 99 100 100 100 100 99 71 26 4 1 1 1 1 1 1 1 1 1 1 1 1 1 1 1 1 1 1 1 1 1 1 1 1 1 
1 1 1 1 1 1 1 3 17 50 83 100 100 100 100 100 100 97 88 74 53 31 12 3 1 1 1 4 27 72 99 100 100 100 100 99 72 27 4 1 1 1 1 1 1 1 1 1 1 1 1 1 1 1 1 1 1 1 1 1 1 1 1 1 
1 1 1 1 1 1 1 3 17 46 83 100 100 100 100 100 100 100 100 99 91 75 49 19 5 1 1 4 28 73 99 100 100 100 100 99 73 28 4 1 1 1 1 1 1 1 1 1 1 1 1 1 1 1 1 1 1 1 1 1 1 1 1 1 
1 1 1 1 1 1 1 2 10 39 74 95 100 100 100 100 100 100 100 100 100 99 84 54 18 3 1 4 28 73 99 100 100 100 100 99 73 28 4 1 1 1 1 1 1 1 1 1 1 1 1 1 1 1 1 1 1 1 1 1 1 1 1 1 
1 1 1 1 1 1 1 1 4 19 53 81 97 100 100 100 100 100 100 100 100 100 99 79 41 9 1 4 27 72 99 100 100 100 100 99 72 27 4 1 1 1 1 1 1 1 1 1 1 1 1 1 1 1 1 1 1 1 1 1 1 1 1 1 
1 1 1 1 1 1 1 1 2 6 21 50 76 92 99 100 100 100 100 100 100 100 100 88 52 18 3 4 27 71 99 100 100 100 100 99 71 27 4 1 1 1 1 1 1 1 1 1 1 1 1 1 1 1 1 1 1 1 1 1 1 1 1 1 
1 1 1 1 1 1 1 1 1 2 5 15 36 60 81 94 100 100 100 100 100 100 100 91 57 18 3 4 26 71 99 100 100 100 100 99 71 26 4 1 1 1 1 1 1 1 1 1 1 1 1 1 1 1 1 1 1 1 1 1 1 1 1 1 
1 1 1 1 1 1 1 1 1 1 1 3 7 19 39 64 85 98 100 100 100 100 99 83 46 17 3 4 27 72 99 100 100 100 100 99 71 27 4 1 1 1 1 1 1 1 1 1 1 1 1 1 1 1 1 1 1 1 1 1 1 1 1 1 
1 1 1 1 1 1 1 1 1 1 1 1 1 3 8 22 45 72 90 97 98 96 87 65 33 8 1 4 28 73 99 100 100 100 100 99 71 27 4 1 1 1 1 1 1 1 1 1 1 1 1 1 1 1 1 1 1 1 1 1 1 1 1 1 
1 1 1 1 1 1 1 1 1 1 1 1 1 1 1 3 10 28 51 67 71 68 53 35 13 3 1 4 30 77 100 100 100 100 100 99 69 26 4 1 1 1 1 1 1 1 1 1 1 1 1 1 1 1 1 1 1 1 1 1 1 1 1 1 
1 1 1 1 1 1 1 1 1 2 3 4 4 4 4 4 5 7 14 25 31 30 22 12 6 4 4 7 36 81 100 100 100 100 100 97 67 24 6 4 4 4 4 4 4 4 4 4 4 4 4 5 5 5 3 1 1 1 1 1 1 1 1 1 
1 1 1 1 1 1 1 2 5 13 19 24 26 26 26 27 28 28 27 28 29 29 29 28 28 28 27 30 56 90 100 100 100 100 100 98 72 39 28 28 27 26 27 27 28 28 27 26 26 28 31 36 34 29 17 7 2 1 1 1 1 1 1 1 
1 1 1 1 1 1 2 8 22 40 55 64 69 70 71 72 73 73 72 71 71 72 73 73 73 72 71 73 87 99 100 100 100 100 100 100 89 76 72 72 71 71 71 72 73 73 72 71 71 74 78 79 77 66 50 26 8 2 1 1 1 1 1 1 
1 1 1 1 1 1 5 22 50 73 88 95 97 99 99 99 99 99 99 99 99 99 99 99 99 99 99 99 100 100 100 100 100 100 100 100 100 99 99 99 99 99 99 99 99 99 99 99 99 99 100 100 99 95 81 54 21 5 1 1 1 1 1 1 
1 1 1 1 1 2 12 38 72 93 100 100 100 100 100 100 100 100 100 100 100 100 100 100 100 100 100 100 100 100 100 100 100 100 100 100 100 100 100 100 100 100 100 100 100 100 100 100 100 100 100 100 100 100 95 68 34 10 2 1 1 1 1 1 
1 1 1 1 1 3 17 48 82 99 100 100 100 100 100 100 100 100 100 100 100 100 100 100 100 100 100 100 100 100 100 100 100 100 100 100 100 100 100 100 100 100 100 100 100 100 100 100 100 100 100 100 100 100 99 77 39 11 2 1 1 1 1 1 
1 1 1 1 1 3 17 48 82 99 100 100 100 100 100 100 100 100 100 100 100 100 100 100 100 100 100 100 100 100 100 100 100 100 100 100 100 100 100 100 100 100 100 100 100 100 100 100 100 100 100 100 100 100 97 71 36 11 2 1 1 1 1 1 
1 1 1 1 1 2 12 38 72 93 100 100 100 100 100 100 100 100 100 100 100 100 100 100 100 100 100 100 100 100 100 100 100 100 100 100 100 100 100 100 100 100 100 100 100 100 100 100 100 100 100 100 100 99 88 60 24 5 1 1 1 1 1 1 
1 1 1 1 1 1 5 22 50 73 88 95 97 99 99 99 99 99 99 99 99 99 99 99 99 99 100 100 100 100 100 100 100 100 100 100 99 99 99 99 99 99 99 99 99 99 99 99 99 99 99 97 93 82 62 32 10 2 1 1 1 1 1 1 
1 1 1 1 1 1 2 8 22 40 55 64 69 70 71 72 73 73 72 71 71 72 73 73 73 78 92 100 100 100 100 100 100 100 97 81 73 72 72 72 71 71 71 72 73 73 72 71 71 71 70 67 59 46 26 9 3 1 1 1 1 1 1 1 
1 1 1 1 1 1 1 2 5 13 19 24 26 26 26 27 28 28 27 27 26 27 28 28 30 49 86 100 100 100 100 100 100 99 72 38 28 28 28 28 27 26 27 27 28 28 27 26 26 27 26 23 17 11 5 2 1 1 1 1 1 1 1 1 
1 1 1 1 1 1 1 1 1 2 3 4 4 4 4 4 4 4 4 4 4 4 4 4 13 51 91 100 100 100 100 100 100 87 44 11 8 11 12 11 7 5 4 4 4 4 4 4 4 4 4 3 3 2 1 1 1 1 1 1 1 1 1 1 
1 1 1 1 1 1 1 1 1 1 1 1 1 1 1 1 1 1 1 1 1 1 1 5 27 72 98 100 100 100 100 100 99 71 25 10 19 27 33 30 23 11 3 1 1 1 1 1 1 1 1 1 1 1 1 1 1 1 1 1 1 1 1 1 
1 1 1 1 1 1 1 1 1 1 1 1 1 1 1 1 1 1 1 1 1 1 2 15 55 89 100 100 100 100 100 100 88 48 17 23 42 57 66 67 59 44 20 5 2 1 1 1 1 1 1 1 1 1 1 1 1 1 1 1 1 1 1 1 
1 1 1 1 1 1 1 1 1 1 1 1 1 1 1 1 1 1 1 1 1 1 9 41 82 99 100 100 100 100 100 97 69 28 17 37 66 85 94 95 91 81 61 28 7 2 1 1 1 1 1 1 1 1 1 1 1 1 1 1 1 1 1 1 
1 1 1 1 1 1 1 1 1 1 1 1 1 1 1 1 1 1 1 1 1 4 27 71 97 100 100 100 100 100 100 82 44 14 21 48 80 99 100 100 100 99 91 69 29 6 1 1 1 1 1 1 1 1 1 1 1 1 1 1 1 1 1 1 
1 1 1 1 1 1 1 1 1 1 1 1 1 1 1 1 1 1 1 1 1 13 55 92 100 100 100 100 100 100 92 60 20 7 21 52 85 100 100 100 100 100 100 92 67 26 5 1 1 1 1 1 1 1 1 1 1 1 1 1 1 1 1 1 
1 1 1 1 1 1 1 1 1 1 1 1 1 1 1 1 1 1 1 1 5 33 79 99 100 100 100 100 100 99 77 32 6 4 16 46 81 99 100 100 100 100 100 100 89 61 21 4 1 1 1 1 1 1 1 1 1 1 1 1 1 1 1 1 
1 1 1 1 1 1 1 1 1 1 1 1 1 1 1 1 1 1 1 3 19 61 94 100 100 100 100 100 100 92 52 12 2 2 8 32 69 94 100 100 100 100 100 100 100 85 54 17 3 1 1 1 1 1 1 1 1 1 1 1 1 1 1 1 
1 1 1 1 1 1 1 1 1 1 1 1 1 1 1 1 1 1 3 14 47 83 100 100 100 100 100 100 99 76 29 4 1 1 3 14 45 80 98 100 100 100 100 100 100 98 80 48 15 3 1 1 1 1 1 1 1 1 1 1 1 1 1 1 
1 1 1 1 1 1 1 1 1 1 1 1 1 1 1 1 1 2 10 39 76 97 100 100 100 100 100 100 90 51 12 1 1 1 1 4 16 49 83 98 100 100 100 100 100 100 96 77 43 12 2 1 1 1 1 1 1 1 1 1 1 1 1 1 
1 1 1 1 1 1 1 1 1 1 1 1 1 1 1 1 2 8 33 71 94 100 100 100 100 100 100 94 67 23 3 1 1 1 1 1 4 15 45 78 95 100 100 100 100 100 100 94 73 35 8 1 1 1 1 1 1 1 1 1 1 1 1 1 
1 1 1 1 1 1 1 1 1 1 1 1 1 1 1 2 7 29 67 90 100 100 100 100 100 100 95 73 33 7 1 1 1 1 1 1 1 3 12 40 75 94 100 100 100 100 100 100 92 63 24 4 1 1 1 1 1 1 1 1 1 1 1 1 
1 1 1 1 1 1 1 1 1 1 1 1 1 1 2 7 27 64 88 100 100 100 100 100 100 97 77 40 10 2 1 1 1 1 1 1 1 1 2 11 40 75 95 100 100 100 100 100 99 82 47 12 2 1 1 1 1 1 1 1 1 1 1 1 
1 1 1 1 1 1 1 1 1 1 1 1 1 2 5 22 57 84 99 100 100 100 100 100 99 81 48 14 3 1 1 1 1 1 1 1 1 1 1 3 13 45 80 98 100 100 100 100 100 92 62 25 5 1 1 1 1 1 1 1 1 1 1 1 
1 1 1 1 1 1 1 1 1 1 1 1 1 3 13 42 74 96 100 100 100 100 100 99 85 55 19 3 1 1 1 1 1 1 1 1 1 1 1 1 3 16 54 86 100 100 100 100 100 95 68 31 10 2 1 1 1 1 1 1 1 1 1 1 
1 1 1 1 1 1 1 1 1 1 1 1 2 5 20 48 83 99 100 100 100 100 99 87 61 24 5 1 1 1 1 1 1 1 1 1 1 1 1 1 1 4 24 64 90 100 100 100 100 94 67 33 10 2 1 1 1 1 1 1 1 1 1 1 
1 1 1 1 1 1 1 1 1 1 1 1 2 5 21 53 83 100 100 100 100 98 85 62 26 6 2 1 1 1 1 1 1 1 1 1 1 1 1 1 1 1 8 34 70 88 98 99 98 84 55 27 9 2 1 1 1 1 1 1 1 1 1 1 
1 1 1 1 1 1 1 1 1 1 1 1 2 5 19 42 74 92 99 97 92 80 59 25 6 2 1 1 1 1 1 1 1 1 1 1 1 1 1 1 1 1 2 12 36 64 77 83 78 64 40 17 5 1 1 1 1 1 1 1 1 1 1 1 
1 1 1 1 1 1 1 1 1 1 1 1 1 3 11 32 55 72 79 78 67 50 21 5 1 1 1 1 1 1 1 1 1 1 1 1 1 1 1 1 1 1 1 3 11 28 42 48 44 34 19 7 2 1 1 1 1 1 1 1 1 1 1 1 
1 1 1 1 1 1 1 1 1 1 1 1 1 2 5 14 30 39 47 42 34 15 4 1 1 1 1 1 1 1 1 1 1 1 1 1 1 1 1 1 1 1 1 1 2 6 13 17 17 12 5 2 1 1 1 1 1 1 1 1 1 1 1 1 
1 1 1 1 1 1 1 1 1 1 1 1 1 1 2 4 9 16 17 15 8 3 1 1 1 1 1 1 1 1 1 1 1 1 1 1 1 1 1 1 1 1 1 1 1 1 2 3 3 2 1 1 1 1 1 1 1 1 1 1 1 1 1 1 
1 1 1 1 1 1 1 1 1 1 1 1 1 1 1 1 2 3 3 3 1 1 1 1 1 1 1 1 1 1 1 1 1 1 1 1 1 1 1 1 1 1 1 1 1 1 1 1 1 1 1 1 1 1 1 1 1 1 1 1 1 1 1 1 
1 1 1 1 1 1 1 1 1 1 1 1 1 1 1 1 1 1 1 1 1 1 1 1 1 1 1 1 1 1 1 1 1 1 1 1 1 1 1 1 1 1 1 1 1 1 1 1 1 1 1 1 1 1 1 1 1 1 1 1 1 1 1 1 

100 100 100 100 100 100 100 100 100 100 100 100 100 100 100 100 100 100 100 100 100 100 100 100 100 100 100 100 100 100 100 100 100 100 100 100 100 100 100 100 100 100 100 100 100 100 100 100 100 100 100 100 100 100 100 100 100 100 100 100 100 100 100 100 
100 100 100 100 100 100 100 100 100 100 100 100 100 100 100 100 100 100 100 100 100 100 100 100 100 100 100 100 100 100 100 100 100 100 100 100 100 100 100 100 100 100 100 100 100 100 100 100 100 100 100 100 100 100 100 100 100 100 100 100 100 100 100 100 
100 100 100 100 100 100 100 100 100 100 100 100 100 100 100 100 100 100 100 100 100 100 100 100 100 100 100 100 100 100 100 100 100 100 100 100 100 100 100 100 100 100 100 100 100 100 100 100 100 100 100 100 100 100 100 100 100 100 100 100 100 100 100 100 
100 100 100 100 100 100 100 100 100 100 100 100 100 100 100 100 100 100 100 100 100 100 100 100 100 100 100 100 100 100 100 100 100 100 100 100 100 100 100 100 100 100 100 100 100 100 100 100 100 100 100 100 100 100 100 100 100 100 100 100 100 100 100 100 
100 100 100 100 100 100 100 100 100 100 100 100 100 100 100 100 100 100 100 100 100 100 100 100 100 100 100 100 100 100 99 97 97 98 100 100 100 100 100 100 100 100 100 100 100 100 100 100 100 100 100 100 100 100 100 100 100 100 100 100 100 100 100 100 
100 100 100 100 100 100 100 100 100 100 100 100 100 100 100 100 100 100 100 100 100 100 100 100 100 100 100 100 99 96 89 81 80 83 92 98 100 100 100 100 100 100 100 100 100 100 100 100 100 100 100 100 100 100 100 100 100 100 100 100 100 100 100 100 
100 100 100 100 100 100 100 100 100 100 100 100 100 100 100 100 100 100 100 100 100 100 100 100 100 100 100 99 94 80 61 48 42 48 63 85 97 100 100 100 100 100 100 100 100 100 100 100 100 100 100 100 100 100 100 100 100 100 100 100 100 100 100 100 
100 100 100 100 100 100 100 100 100 100 100 100 100 100 100 100 98 97 97 98 100 100 100 100 100 100 100 97 82 54 27 14 9 13 25 53 85 98 100 100 100 100 100 100 100 100 100 100 100 100 100 100 100 100 100 100 100 100 100 100 100 100 100 100 
100 100 100 100 100 100 100 100 100 100 100 100 100 100 98 94 87 81 80 85 93 98 100 100 100 100 99 92 69 33 7 1 1 1 4 23 60 92 100 100 100 100 100 100 100 100 100 100 100 100 100 100 100 100 100 100 100 100 100 100 100 100 100 100 
100 100 100 100 100 100 100 100 100 100 100 100 100 98 92 76 60 49 46 50 64 82 95 99 100 100 99 90 59 20 1 1 1 1 1 7 40 81 98 100 100 100 100 100 100 100 100 100 100 100 100 100 100 100 100 100 100 100 100 100 100 100 100 100 
100 100 100 100 100 100 100 100 100 100 100 100 100 95 78 51 28 16 12 13 22 42 72 92 99 100 99 89 56 15 1 1 1 1 1 2 27 73 97 100 100 100 100 100 100 100 100 100 100 100 100 100 100 100 100 100 100 100 100 100 100 100 100 100 
100 100 100 100 100 100 100 100 100 100 100 100 98 89 65 32 9 1 1 1 2 10 29 67 92 99 99 93 59 14 1 1 1 1 1 1 23 68 96 100 100 100 100 100 100 100 100 100 100 100 100 100 100 100 100 100 100 100 100 100 100 100 100 100 
100 100 100 100 100 100 100 100 100 100 100 100 98 86 56 22 2 1 1 1 1 1 7 32 73 96 99 96 67 19 1 1 1 1 1 1 22 68 96 100 100 100 100 100 100 100 100 100 100 100 100 100 100 100 100 100 100 100 100 100 100 100 100 100 
100 100 100 100 100 100 100 100 100 100 100 100 98 86 59 23 2 1 1 1 1 1 1 16 50 87 98 97 72 25 1 1 1 1 1 1 25 72 97 100 100 100 100 100 100 100 100 100 100 100 100 100 100 100 100 100 100 100 100 100 100 100 100 100 
100 100 100 100 100 100 100 100 100 100 100 100 99 93 68 32 6 1 1 1 1 1 1 9 45 79 96 97 73 28 2 1 1 1 1 2 27 73 97 100 100 100 100 100 100 100 100 100 100 100 100 100 100 100 100 100 100 100 100 100 100 100 100 100 
100 100 100 100 100 100 100 100 100 100 100 100 100 97 85 53 20 3 1 1 1 1 1 11 42 79 96 97 73 28 2 1 1 1 1 2 28 73 97 100 100 100 100 100 100 100 100 100 100 100 100 100 100 100 100 100 100 100 100 100 100 100 100 100 
100 100 100 100 100 100 100 100 100 100 100 98 98 98 96 82 51 20 5 1 1 1 3 20 56 82 96 96 73 28 2 1 1 1 1 2 28 73 97 100 100 100 100 100 100 100 100 100 100 100 100 100 100 100 100 100 100 100 100 100 100 100 100 100 
100 100 100 100 100 100 100 100 100 98 94 87 84 83 89 93 84 60 32 18 11 13 21 42 68 90 98 97 73 29 2 1 1 1 1 2 29 73 97 100 100 100 100 100 100 100 100 100 100 100 100 100 100 100 100 100 100 100 100 100 100 100 100 100 
100 100 100 100 100 100 100 100 98 91 75 63 51 50 54 69 85 88 75 54 49 46 58 70 87 96 99 97 74 30 2 1 1 1 1 2 30 74 97 100 100 100 100 100 100 100 100 100 100 100 100 100 100 100 100 100 100 100 100 100 100 100 100 100 
100 100 100 100 100 100 100 100 94 75 49 29 17 14 17 27 47 72 86 88 83 83 85 92 97 99 100 97 75 30 2 1 1 1 1 2 30 75 97 100 100 100 100 100 100 100 100 100 100 100 100 100 100 100 100 100 100 100 100 100 100 100 100 100 
100 100 100 100 100 100 100 98 87 63 28 7 1 1 1 3 11 28 51 72 86 94 98 99 100 100 100 97 75 30 2 1 1 1 1 2 30 75 97 100 100 100 100 100 100 100 100 100 100 100 100 100 100 100 100 100 100 100 100 100 100 100 100 100 
100 100 100 100 100 100 100 98 84 51 18 1 1 1 1 1 1 4 13 27 48 70 89 98 100 100 100 97 74 29 2 1 1 1 1 2 29 74 97 100 100 100 100 100 100 100 100 100 100 100 100 100 100 100 100 100 100 100 100 100 100 100 100 100 
100 100 100 100 100 100 100 98 84 55 18 1 1 1 1 1 1 1 1 2 10 26 52 82 96 100 100 97 73 28 2 1 1 1 1 2 28 73 97 100 100 100 100 100 100 100 100 100 100 100 100 100 100 100 100 100 100 100 100 100 100 100 100 100 
100 100 100 100 100 100 100 99 91 62 27 6 1 1 1 1 1 1 1 1 1 2 17 47 83 98 100 97 73 28 2 1 1 1 1 2 28 73 97 100 100 100 100 100 100 100 100 100 100 100 100 100 100 100 100 100 100 100 100 100 100 100 100 100 
100 100 100 100 100 100 100 100 97 82 48 20 4 1 1 1 1 1 1 1 1 1 2 22 60 92 100 97 74 29 2 1 1 1 1 2 29 74 97 100 100 100 100 100 100 100 100 100 100 100 100 100 100 100 100 100 100 100 100 100 100 100 100 100 
100 100 100 100 100 100 100 100 99 95 80 51 25 9 2 1 1 1 1 1 1 1 1 13 49 83 98 97 74 30 2 1 1 1 1 2 30 74 97 100 100 100 100 100 100 100 100 100 100 100 100 100 100 100 100 100 100 100 100 100 100 100 100 100 
100 100 100 100 100 100 100 100 100 99 96 86 65 41 20 7 1 1 1 1 1 1 1 10 44 83 98 97 75 30 2 1 1 1 1 2 30 75 97 100 100 100 100 100 100 100 100 100 100 100 100 100 100 100 100 100 100 100 100 100 100 100 100 100 
100 100 100 100 100 100 100 100 100 100 100 98 94 82 62 37 16 3 1 1 1 1 2 18 55 84 98 97 74 29 2 1 1 1 1 2 30 74 97 100 100 100 100 100 100 100 100 100 100 100 100 100 100 100 100 100 100 100 100 100 100 100 100 100 
100 100 100 100 100 100 100 100 100 100 100 100 100 98 93 79 56 29 11 4 3 5 14 36 68 93 100 97 73 28 2 1 1 1 1 2 30 74 97 100 100 100 100 100 100 100 100 100 100 100 100 100 100 100 100 100 100 100 100 100 100 100 100 100 
100 100 100 100 100 100 100 100 100 100 100 100 100 100 100 98 91 73 50 34 30 33 48 66 88 98 100 97 71 24 1 1 1 1 1 2 32 75 97 100 100 100 100 100 100 100 100 100 100 100 100 100 100 100 100 100 100 100 100 100 100 100 100 100 
100 100 100 100 100 100 100 100 100 99 98 97 97 97 97 97 96 94 87 76 70 71 79 89 95 97 97 94 65 20 1 1 1 1 1 4 34 77 95 97 97 97 97 97 97 97 97 97 97 97 97 96 96 96 98 100 100 100 100 100 100 100 100 100 
100 100 100 100 100 100 100 99 96 88 82 77 75 75 75 74 73 73 74 73 72 72 72 73 73 73 74 71 45 11 1 1 1 1 1 3 29 62 73 73 74 75 74 74 73 73 74 75 75 73 70 65 67 72 84 94 99 100 100 100 100 100 100 100 
100 100 100 100 100 100 99 93 79 61 46 37 32 31 30 29 28 28 29 30 30 29 28 28 28 29 30 28 14 2 1 1 1 1 1 1 12 25 29 29 30 30 30 29 28 28 29 30 30 27 23 22 24 35 51 75 93 99 100 100 100 100 100 100 
100 100 100 100 100 100 96 79 51 28 13 6 4 2 2 2 2 2 2 2 2 2 2 2 2 2 2 2 1 1 1 1 1 1 1 1 1 2 2 2 2 2 2 2 2 2 2 2 2 2 1 1 2 6 20 47 80 96 100 100 100 100 100 100 
100 100 100 100 100 99 89 63 29 8 1 1 1 1 1 1 1 1 1 1 1 1 1 1 1 1 1 1 1 1 1 1 1 1 1 1 1 1 1 1 1 1 1 1 1 1 1 1 1 1 1 1 1 1 6 33 67 91 99 100 100 100 100 100 
100 100 100 100 100 98 84 53 19 2 1 1 1 1 1 1 1 1 1 1 1 1 1 1 1 1 1 1 1 1 1 1 1 1 1 1 1 1 1 1 1 1 1 1 1 1 1 1 1 1 1 1 1 1 2 24 62 90 99 100 100 100 100 100 
100 100 100 100 100 98 84 53 19 2 1 1 1 1 1 1 1 1 1 1 1 1 1 1 1 1 1 1 1 1 1 1 1 1 1 1 1 1 1 1 1 1 1 1 1 1 1 1 1 1 1 1 1 1 4 30 65 90 99 100 100 100 100 100 
100 100 100 100 100 99 89 63 29 8 1 1 1 1 1 1 1 1 1 1 1 1 1 1 1 1 1 1 1 1 1 1 1 1 1 1 1 1 1 1 1 1 1 1 1 1 1 1 1 1 1 1 1 2 13 41 77 96 100 100 100 100 100 100 
100 100 100 100 100 100 96 79 51 28 13 6 4 2 2 2 2 2 2 2 2 2 2 2 2 2 1 1 1 1 1 1 1 1 1 1 2 2 2 2 2 2 2 2 2 2 2 2 2 2 2 4 8 19 39 69 91 99 100 100 100 100 100 100 
100 100 100 100 100 100 99 93 79 61 46 37 32 31 30 29 28 28 29 30 30 29 28 28 28 23 9 1 1 1 1 1 1 1 4 20 28 29 29 29 30 30 30 29 28 28 29 30 30 30 31 34 42 55 75 92 98 100 100 100 100 100 100 100 
100 100 100 100 100 100 100 99 96 88 82 77 75 75 75 74 73 73 74 74 75 74 73 73 71 52 15 1 1 1 1 1 1 2 29 63 73 73 73 73 74 75 74 74 73 73 74 75 75 74 75 78 84 90 96 99 100 100 100 100 100 100 100 100 
100 100 100 100 100 100 100 100 100 99 98 97 97 97 97 97 97 97 97 97 97 97 97 97 88 50 10 1 1 1 1 1 1 14 57 90 93 90 89 90 94 96 97 97 97 97 97 97 97 97 97 98 98 99 100 100 100 100 100 100 100 100 100 100 
100 100 100 100 100 100 100 100 100 100 100 100 100 100 100 100 100 100 100 100 100 100 100 96 74 29 3 1 1 1 1 1 2 30 76 91 82 74 68 71 78 90 98 100 100 100 100 100 100 100 100 100 100 100 100 100 100 100 100 100 100 100 100 100 
100 100 100 100 100 100 100 100 100 100 100 100 100 100 100 100 100 100 100 100 100 100 99 86 46 12 1 1 1 1 1 1 13 53 84 78 59 44 35 34 42 57 81 96 99 100 100 100 100 100 100 100 100 100 100 100 100 100 100 100 100 100 100 100 
100 100 100 100 100 100 100 100 100 100 100 100 100 100 100 100 100 100 100 100 100 100 92 60 19 2 1 1 1 1 1 4 32 73 84 64 35 16 7 6 10 20 40 73 94 99 100 100 100 100 100 100 100 100 100 100 100 100 100 100 100 100 100 100 
100 100 100 100 100 100 100 100 100 100 100 100 100 100 100 100 100 100 100 100 100 97 74 30 4 1 1 1 1 1 1 19 57 87 80 53 21 2 1 1 1 2 10 32 72 95 100 100 100 100 100 100 100 100 100 100 100 100 100 100 100 100 100 100 
100 100 100 100 100 100 100 100 100 100 100 100 100 100 100 100 100 100 100 100 100 88 46 9 1 1 1 1 1 1 9 41 81 94 80 49 16 1 1 1 1 1 1 9 34 75 96 100 100 100 100 100 100 100 100 100 100 100 100 100 100 100 100 100 
100 100 100 100 100 100 100 100 100 100 100 100 100 100 100 100 100 100 100 100 96 68 22 2 1 1 1 1 1 2 24 69 95 97 85 55 20 2 1 1 1 1 1 1 12 40 80 97 100 100 100 100 100 100 100 100 100 100 100 100 100 100 100 100 
100 100 100 100 100 100 100 100 100 100 100 100 100 100 100 100 100 100 100 98 82 40 7 1 1 1 1 1 1 9 49 89 99 99 93 69 32 7 1 1 1 1 1 1 1 16 47 84 98 100 100 100 100 100 100 100 100 100 100 100 100 100 100 100 
100 100 100 100 100 100 100 100 100 100 100 100 100 100 100 100 100 100 98 87 54 18 1 1 1 1 1 1 2 25 72 97 100 100 98 87 56 21 3 1 1 1 1 1 1 3 21 53 86 98 100 100 100 100 100 100 100 100 100 100 100 100 100 100 
100 100 100 100 100 100 100 100 100 100 100 100 100 100 100 100 100 99 91 62 25 4 1 1 1 1 1 1 11 50 89 100 100 100 100 97 85 52 18 3 1 1 1 1 1 1 5 24 58 89 99 100 100 100 100 100 100 100 100 100 100 100 100 100 
100 100 100 100 100 100 100 100 100 100 100 100 100 100 100 100 99 93 68 30 7 1 1 1 1 1 1 7 34 78 98 100 100 100 100 100 97 86 56 23 6 1 1 1 1 1 1 7 28 66 93 100 100 100 100 100 100 100 100 100 100 100 100 100 
100 100 100 100 100 100 100 100 100 100 100 100 100 100 100 99 94 72 34 11 1 1 1 1 1 1 6 28 68 94 100 100 100 100 100 100 100 98 89 61 26 7 1 1 1 1 1 1 9 38 77 97 100 100 100 100 100 100 100 100 100 100 100 100 
100 100 100 100 100 100 100 100 100 100 100 100 100 100 99 94 74 37 13 1 1 1 1 1 1 4 24 61 91 99 100 100 100 100 100 100 100 100 99 90 61 26 6 1 1 1 1 1 2 19 54 89 99 100 100 100 100 100 100 100 100 100 100 100 
100 100 100 100 100 100 100 100 100 100 100 100 100 99 96 79 44 17 2 1 1 1 1 1 2 20 53 87 98 100 100 100 100 100 100 100 100 100 100 98 88 56 21 3 1 1 1 1 1 9 39 76 96 100 100 100 100 100 100 100 100 100 100 100 
100 100 100 100 100 100 100 100 100 100 100 100 100 98 88 59 27 5 1 1 1 1 1 2 16 46 82 98 100 100 100 100 100 100 100 100 100 100 100 100 98 85 47 15 1 1 1 1 1 6 33 70 91 99 100 100 100 100 100 100 100 100 100 100 
100 100 100 100 100 100 100 100 100 100 100 100 99 96 81 53 18 2 1 1 1 1 2 14 40 77 96 100 100 100 100 100 100 100 100 100 100 100 100 100 100 97 77 37 11 1 1 1 1 7 34 68 91 99 100 100 100 100 100 100 100 100 100 100 
100 100 100 100 100 100 100 100 100 100 100 100 99 96 80 48 18 1 1 1 1 3 16 39 75 95 99 100 100 100 100 100 100 100 100 100 100 100 100 100 100 100 93 67 31 13 3 2 3 17 46 74 92 99 100 100 100 100 100 100 100 100 100 100 
100 100 100 100 100 100 100 100 100 100 100 100 99 96 82 59 27 9 2 4 9 21 42 76 95 99 100 100 100 100 100 100 100 100 100 100 100 100 100 100 100 100 99 89 65 37 24 18 23 37 61 84 96 100 100 100 100 100 100 100 100 100 100 100 
100 100 100 100 100 100 100 100 100 100 100 100 100 98 90 69 46 29 22 23 34 51 80 96 100 100 100 100 100 100 100 100 100 100 100 100 100 100 100 100 100 100 100 98 90 73 59 53 57 67 82 94 99 100 100 100 100 100 100 100 100 100 100 100 
100 100 100 100 100 100 100 100 100 100 100 100 100 99 96 87 71 62 54 59 67 86 97 100 100 100 100 100 100 100 100 100 100 100 100 100 100 100 100 100 100 100 100 100 99 95 88 84 84 89 96 99 100 100 100 100 100 100 100 100 100 100 100 100 
100 100 100 100 100 100 100 100 100 100 100 100 100 100 99 97 92 85 84 86 93 98 100 100 100 100 100 100 100 100 100 100 100 100 100 100 100 100 100 100 100 100 100 100 100 100 99 98 98 99 100 100 100 100 100 100 100 100 100 100 100 100 100 100 
100 100 100 100 100 100 100 100 100 100 100 100 100 100 100 100 99 98 98 98 100 100 100 100 100 100 100 100 100 100 100 100 100 100 100 100 100 100 100 100 100 100 100 100 100 100 100 100 100 100 100 100 100 100 100 100 100 100 100 100 100 100 100 100 
100 100 100 100 100 100 100 100 100 100 100 100 100 100 100 100 100 100 100 100 100 100 100 100 100 100 100 100 100 100 100 100 100 100 100 100 100 100 100 100 100 100 100 100 100 100 100 100 100 100 100 100 100 100 100 100 100 100 100 100 100 100 100 100 

99 99 99 99 99 99 99 99 99 99 99 99 99 99 99 99 99 99 99 99 99 99 99 99 99 99 99 99 99 99 99 99 99 99 99 99 99 99 99 99 99 99 99 99 99 99 99 99 99 99 99 99 99 99 99 99 99 99 99 99 99 99 99 
99 99 99 99 99 99 99 99 99 99 99 99 99 99 99 99 99 99 99 99 99 99 99 99 99 99 99 99 99 99 99 99 99 99 99 99 99 99 99 99 99 99 99 99 99 99 99 99 99 99 99 99 99 99 99 99 99 99 99 99 99 99 99 
99 99 99 99 99 99 99 99 99 99 99 99 99 99 99 99 99 99 99 99 99 99 99 99 99 99 99 99 99 99 99 99 99 99 99 99 99 99 99 99 99 99 99 99 99 99 99 99 99 99 99 99 99 99 99 99 99 99 99 99 99 99 99 
99 99 99 99 99 99 99 99 99 99 99 99 99 99 99 99 99 99 99 99 99 99 99 99 99 99 99 99 99 99 99 99 99 99 99 99 99 99 99 99 99 99 99 99 99 99 99 99 99 99 99 99 99 99 99 99 99 99 99 99 99 99 99 
99 99 99 99 99 99 99 99 99 99 99 99 99 99 99 99 99 99 99 99 99 99 99 99 99 99 99 99 99 98 98 99 98 98 99 99 99 99 99 99 99 99 99 99 99 99 99 99 99 99 99 99 99 99 99 99 99 99 99 99 99 99 99 
99 99 99 99 99 99 99 99 99 99 99 99 99 99 99 99 99 99 99 99 99 99 99 99 99 99 99 98 98 98 98 98 98 98 98 98 99 99 99 99 99 99 99 99 99 99 99 99 99 99 99 99 99 99 99 99 99 99 99 99 99 99 99 
99 99 99 99 99 99 99 99 99 99 99 99 99 99 99 99 99 99 99 99 99 99 99 99 99 99 98 98 96 95 97 98 98 96 93 97 98 99 99 99 99 99 99 99 99 99 99 99 99 99 99 99 99 99 99 99 99 99 99 99 99 99 99 
99 99 99 99 99 99 99 99 99 99 99 99 99 99 99 98 98 99 98 98 99 99 99 99 99 99 98 96 90 91 97 98 98 97 91 89 97 98 99 99 99 99 99 99 99 99 99 99 99 99 99 99 99 99 99 99 99 99 99 99 99 99 99 
99 99 99 99 99 99 99 99 99 99 99 99 99 98 98 98 98 98 98 98 98 98 99 99 99 98 98 93 86 91 98 98 98 98 95 84 88 98 99 99 99 99 99 99 99 99 99 99 99 99 99 99 99 99 99 99 99 99 99 99 99 99 99 
99 99 99 99 99 99 99 99 99 99 99 99 98 98 96 96 97 98 98 97 95 97 98 98 99 98 98 89 83 95 98 99 99 99 98 87 81 96 98 99 99 99 99 99 99 99 99 99 99 99 99 99 99 99 99 99 99 99 99 99 99 99 99 
99 99 99 99 99 99 99 99 99 99 99 99 98 95 91 94 97 98 98 98 95 89 94 98 98 98 98 87 82 96 99 99 99 99 98 92 78 93 98 99 99 99 99 99 99 99 99 99 99 99 99 99 99 99 99 99 99 99 99 99 99 99 99 
99 99 99 99 99 99 99 99 99 99 99 98 98 93 88 93 98 98 98 98 98 95 84 92 98 99 98 87 79 97 99 99 99 99 98 94 78 91 98 99 99 99 99 99 99 99 99 99 99 99 99 99 99 99 99 99 99 99 99 99 99 99 99 
99 99 99 99 99 99 99 99 99 99 99 98 97 89 87 94 98 99 99 99 98 98 92 82 93 98 98 90 75 95 98 99 99 99 98 94 77 91 98 99 99 99 99 99 99 99 99 99 99 99 99 99 99 99 99 99 99 99 99 99 99 99 99 
99 99 99 99 99 99 99 99 99 99 99 98 97 91 85 94 98 99 99 99 99 98 96 87 85 97 98 92 76 93 98 99 99 99 98 93 76 92 98 99 99 99 99 99 99 99 99 99 99 99 99 99 99 99 99 99 99 99 99 99 99 99 99 
99 99 99 99 99 99 99 99 99 99 99 98 98 92 85 92 98 99 99 99 99 99 98 86 86 96 98 93 78 91 98 99 99 99 98 92 77 92 98 99 99 99 99 99 99 99 99 99 99 99 99 99 99 99 99 99 99 99 99 99 99 99 99 
99 99 99 99 99 99 99 99 99 99 99 99 98 97 88 88 95 98 99 99 99 99 97 89 84 96 98 93 78 91 98 99 99 99 98 91 78 93 98 99 99 99 99 99 99 99 99 99 99 99 99 99 99 99 99 99 99 99 99 99 99 99 99 
99 99 99 99 99 99 99 99 99 99 98 99 98 98 97 89 88 96 98 98 99 98 96 85 92 97 98 93 78 91 98 99 99 99 98 91 78 93 98 99 99 99 99 99 99 99 99 99 99 99 99 99 99 99 99 99 99 99 99 99 99 99 99 
99 99 99 99 99 99 99 99 98 98 98 98 98 98 98 98 92 91 97 98 98 98 94 92 94 98 98 93 78 91 98 99 99 99 98 91 78 93 98 99 99 99 99 99 99 99 99 99 99 99 99 99 99 99 99 99 99 99 99 99 99 99 99 
99 99 99 99 99 99 99 98 98 96 97 97 98 98 96 96 98 97 94 98 98 97 97 96 98 98 98 93 79 91 98 99 99 99 98 91 79 93 98 99 99 99 99 99 99 99 99 99 99 99 99 99 99 99 99 99 99 99 99 99 99 99 99 
99 99 99 99 99 99 99 98 95 92 94 97 98 98 97 94 93 96 98 98 98 98 98 98 98 98 98 94 78 91 98 99 99 99 98 91 78 94 98 99 99 99 99 99 99 99 99 99 99 99 99 99 99 99 99 99 99 99 99 99 99 99 99 
99 99 99 99 99 99 98 97 93 86 94 98 98 98 98 98 96 93 94 97 98 98 98 98 99 99 98 93 78 91 98 99 99 99 98 91 78 93 98 99 99 99 99 99 99 99 99 99 99 99 99 99 99 99 99 99 99 99 99 99 99 99 99 
99 99 99 99 99 99 98 97 88 87 96 98 99 99 99 98 98 98 96 94 94 95 98 98 99 99 98 93 78 91 98 99 99 99 98 91 78 93 98 99 99 99 99 99 99 99 99 99 99 99 99 99 99 99 99 99 99 99 99 99 99 99 99 
99 99 99 99 99 99 98 97 90 85 96 98 99 99 99 99 99 98 98 98 96 92 89 96 98 99 98 93 78 91 98 99 99 99 98 91 78 93 98 99 99 99 99 99 99 99 99 99 99 99 99 99 99 99 99 99 99 99 99 99 99 99 99 
99 99 99 99 99 99 98 98 90 86 94 98 99 99 99 99 99 99 99 99 98 96 89 85 96 98 98 93 78 91 98 99 99 99 98 91 78 93 98 99 99 99 99 99 99 99 99 99 99 99 99 99 99 99 99 99 99 99 99 99 99 99 99 
99 99 99 99 99 99 99 98 96 87 91 96 98 98 99 99 99 99 99 99 99 98 95 84 88 98 98 93 78 91 98 99 99 99 98 91 78 93 98 99 99 99 99 99 99 99 99 99 99 99 99 99 99 99 99 99 99 99 99 99 99 99 99 
99 99 99 99 99 99 99 98 98 96 90 92 96 98 98 99 99 99 99 99 99 99 97 85 87 96 98 93 78 91 98 99 99 99 98 91 78 93 98 99 99 99 99 99 99 99 99 99 99 99 99 99 99 99 99 99 99 99 99 99 99 99 99 
99 99 99 99 99 99 99 99 98 98 97 94 92 94 97 98 98 99 99 99 99 99 98 87 83 96 98 93 78 91 98 99 99 99 98 91 78 93 98 99 99 99 99 99 99 99 99 99 99 99 99 99 99 99 99 99 99 99 99 99 99 99 99 
99 99 99 99 99 99 99 99 99 99 98 98 97 94 92 94 97 98 99 99 99 98 96 85 90 97 98 93 78 91 98 99 99 99 98 91 79 93 98 99 99 99 99 99 99 99 99 99 99 99 99 99 99 99 99 99 99 99 99 99 99 99 99 
99 99 99 99 99 99 99 99 99 99 99 99 98 98 97 93 91 95 98 98 98 98 94 88 92 98 98 93 78 92 98 99 99 99 98 91 79 93 98 99 99 99 99 99 99 99 99 99 99 99 99 99 99 99 99 99 99 99 99 99 99 99 99 
99 99 99 99 99 99 99 99 99 99 99 99 99 99 98 98 95 93 96 98 98 96 95 94 98 98 98 92 76 93 98 99 99 99 98 90 79 94 98 99 99 99 99 99 99 99 99 99 99 99 99 99 99 99 99 99 99 99 99 99 99 99 99 
99 99 99 99 99 99 99 99 98 98 98 99 99 99 99 98 98 98 97 98 98 98 97 98 98 99 98 90 79 95 98 99 99 99 98 89 80 95 98 99 99 99 99 98 99 98 99 99 99 98 98 99 98 98 98 99 99 99 99 99 99 99 99 
99 99 99 99 99 99 98 98 98 98 98 98 98 98 98 98 99 98 98 98 98 98 98 98 98 98 98 91 87 97 99 99 99 99 98 92 88 97 98 98 98 98 98 98 99 98 98 98 98 98 98 98 98 97 97 98 98 99 99 99 99 99 99 
99 99 99 99 99 98 98 96 95 96 98 98 98 98 98 98 99 98 98 99 98 98 98 98 98 98 98 97 97 98 99 99 99 99 98 97 97 98 99 98 99 99 98 98 99 98 98 99 98 98 98 98 97 96 93 95 98 98 99 99 99 99 99 
99 99 99 99 99 98 96 91 93 96 98 98 98 99 98 99 99 99 98 99 98 99 99 99 99 98 98 98 98 99 99 99 99 99 99 98 98 98 99 99 98 99 98 99 99 99 98 98 98 98 99 98 98 97 91 88 96 98 99 99 99 99 99 
99 99 99 99 98 97 92 87 94 98 98 99 99 99 99 99 99 99 99 99 99 99 99 99 99 99 99 99 99 99 99 99 99 99 99 99 99 99 99 99 99 99 99 99 99 99 99 99 99 99 99 99 99 98 91 87 93 98 98 99 99 99 99 
99 99 99 99 98 97 89 86 96 98 99 99 99 99 99 99 99 99 99 99 99 99 99 99 99 99 99 99 99 99 99 99 99 99 99 99 99 99 99 99 99 99 99 99 99 99 99 99 99 99 99 99 99 98 94 84 91 98 98 99 99 99 99 
99 99 99 99 98 97 89 86 96 98 99 99 99 99 99 99 99 99 99 99 99 99 99 99 99 99 99 99 99 99 99 99 99 99 99 99 99 99 99 99 99 99 99 99 99 99 99 99 99 99 99 99 99 98 92 86 92 98 98 99 99 99 99 
99 99 99 99 98 97 92 87 94 98 98 99 99 99 99 99 99 99 99 99 99 99 99 99 99 99 99 99 99 99 99 99 99 99 99 99 99 99 99 99 99 99 99 99 99 99 99 99 99 99 99 99 98 97 91 85 95 98 99 99 99 99 99 
99 99 99 99 99 98 96 91 93 96 98 98 98 99 98 99 99 99 98 99 98 99 99 99 98 98 98 99 99 99 99 99 99 99 98 98 98 99 99 99 98 99 98 99 99 99 98 99 99 99 98 98 97 95 89 93 98 98 99 99 99 99 99 
99 99 99 99 99 98 98 96 95 96 98 98 98 98 98 98 99 98 98 99 98 98 98 99 98 97 98 98 99 99 99 99 99 98 96 98 98 99 99 98 99 99 98 98 99 98 98 98 99 98 98 98 97 94 96 98 98 99 99 99 99 99 99 
99 99 99 99 99 99 98 98 98 98 98 98 98 98 98 98 99 98 98 98 98 98 99 98 95 85 96 98 99 99 99 99 98 91 87 98 98 99 99 98 98 98 98 98 99 98 98 98 98 98 98 98 98 98 98 98 99 99 99 99 99 99 99 
99 99 99 99 99 99 99 99 98 98 98 99 99 99 99 98 99 98 99 99 99 99 99 98 84 82 98 99 99 99 99 99 97 80 87 98 98 98 98 98 98 98 99 98 99 98 99 99 99 99 98 98 98 98 99 99 99 99 99 99 99 99 99 
99 99 99 99 99 99 99 99 99 99 99 99 99 99 99 99 99 99 99 99 99 99 98 94 78 92 98 99 99 99 99 98 90 78 96 98 98 98 98 98 97 98 98 99 99 99 99 99 99 99 99 99 99 99 99 99 99 99 99 99 99 99 99 
99 99 99 99 99 99 99 99 99 99 99 99 99 99 99 99 99 99 99 99 99 98 97 82 87 97 98 99 99 99 98 97 82 89 98 95 96 98 98 98 96 93 96 98 98 99 99 99 99 99 99 99 99 99 99 99 99 99 99 99 99 99 99 
99 99 99 99 99 99 99 99 99 99 99 99 99 99 99 99 99 99 99 99 99 98 88 82 95 98 99 99 99 99 98 91 81 97 95 90 95 98 98 98 97 94 87 94 98 98 99 99 99 99 99 99 99 99 99 99 99 99 99 99 99 99 99 
99 99 99 99 99 99 99 99 99 99 99 99 99 99 99 99 99 99 99 99 98 93 78 92 98 99 99 99 99 98 95 84 89 98 91 88 95 98 99 99 98 98 94 82 93 98 99 99 99 99 99 99 99 99 99 99 99 99 99 99 99 99 99 
99 99 99 99 99 99 99 99 99 99 99 99 99 99 99 99 99 99 99 99 97 81 84 98 99 99 99 99 99 98 88 82 97 97 89 87 96 98 99 99 99 98 98 92 81 94 98 99 99 99 99 99 99 99 99 99 99 99 99 99 99 99 99 
99 99 99 99 99 99 99 99 99 99 99 99 99 99 99 99 99 99 99 98 91 77 94 98 99 99 99 99 98 94 78 92 98 97 89 86 95 98 99 99 99 99 98 97 91 82 96 98 99 99 99 99 99 99 99 99 99 99 99 99 99 99 99 
99 99 99 99 99 99 99 99 99 99 99 99 99 99 99 99 99 99 98 96 80 88 98 99 99 99 99 99 98 83 82 97 98 98 93 85 92 98 99 99 99 99 99 98 96 89 85 97 98 99 99 99 99 99 99 99 99 99 99 99 99 99 99 
99 99 99 99 99 99 99 99 99 99 99 99 99 99 99 99 99 98 97 87 86 96 98 99 99 99 99 98 93 77 92 98 99 98 97 89 86 95 98 99 99 99 99 99 98 95 88 87 97 98 99 99 99 99 99 99 99 99 99 99 99 99 99 
99 99 99 99 99 99 99 99 99 99 99 99 99 99 99 99 98 98 90 85 94 98 99 99 99 99 98 97 83 83 97 99 99 99 98 97 88 87 96 98 99 99 99 99 99 98 95 87 89 97 98 99 99 99 99 99 99 99 99 99 99 99 99 
99 99 99 99 99 99 99 99 99 99 99 99 99 99 99 98 98 92 84 93 98 98 99 99 99 99 98 91 79 95 98 99 99 99 99 98 97 90 87 96 98 98 99 99 99 98 98 94 84 91 98 99 99 99 99 99 99 99 99 99 99 99 99 
99 99 99 99 99 99 99 99 99 99 99 99 99 99 98 98 94 84 93 97 98 99 99 99 99 98 94 82 92 98 99 99 99 99 99 99 98 98 90 86 95 98 98 99 99 99 98 98 90 83 95 98 99 99 99 99 99 99 99 99 99 99 99 
99 99 99 99 99 99 99 99 99 99 99 99 99 98 98 94 84 93 97 98 99 99 99 99 98 95 84 89 98 98 99 99 99 99 99 99 99 98 98 90 86 95 98 99 99 99 99 98 95 86 86 97 98 99 99 99 99 99 99 99 99 99 99 
99 99 99 99 99 99 99 99 99 99 99 99 98 98 96 86 91 96 98 99 99 99 99 98 95 87 87 97 98 99 99 99 99 99 99 99 99 99 98 97 89 86 95 98 99 99 99 99 98 90 84 95 98 99 99 99 99 99 99 99 99 99 99 
99 99 99 99 99 99 99 99 99 99 99 99 98 97 90 88 94 98 99 99 99 99 98 96 90 85 96 98 99 99 99 99 99 99 99 99 99 99 99 98 97 84 88 97 98 99 99 99 98 91 85 94 98 98 99 99 99 99 99 99 99 99 99 
99 99 99 99 99 99 99 99 99 99 99 98 98 96 90 86 96 98 99 99 99 98 97 92 84 95 98 99 99 99 99 99 99 99 99 99 99 99 99 99 98 94 83 91 98 98 99 99 98 91 87 93 98 98 99 99 99 99 99 99 99 99 99 
99 99 99 99 99 99 99 99 99 99 99 98 98 96 88 89 96 98 99 98 98 97 93 85 95 98 98 99 99 99 99 99 99 99 99 99 99 99 99 99 99 98 91 86 95 98 98 98 97 90 90 95 98 98 99 99 99 99 99 99 99 99 99 
99 99 99 99 99 99 99 99 99 99 99 98 98 97 93 88 95 98 98 98 97 94 86 95 98 98 99 99 99 99 99 99 99 99 99 99 99 99 99 99 99 98 98 92 91 97 98 98 96 93 93 97 98 99 99 99 99 99 99 99 99 99 99 
99 99 99 99 99 99 99 99 99 99 99 99 98 98 94 93 95 98 98 97 96 90 96 98 99 99 99 99 99 99 99 99 99 99 99 99 99 99 99 99 99 99 98 98 95 97 98 98 97 96 97 98 98 99 99 99 99 99 99 99 99 99 99 
99 99 99 99 99 99 99 99 99 99 99 99 98 98 98 96 98 98 98 98 95 97 98 99 99 99 99 99 99 99 99 99 99 99 99 99 99 99 99 99 99 99 99 98 98 98 98 98 98 98 98 98 99 99 99 99 99 99 99 99 99 99 99 
99 99 99 99 99 99 99 99 99 99 99 99 99 98 98 98 98 98 98 98 98 98 99 99 99 99 99 99 99 99 99 99 99 99 99 99 99 99 99 99 99 99 99 99 99 98 98 99 98 98 99 99 99 99 99 99 99 99 99 99 99 99 99 
99 99 99 99 99 99 99 99 99 99 99 99 99 99 99 98 98 99 99 98 99 99 99 99 99 99 99 99 99 99 99 99 99 99 99 99 99 99 99 99 99 99 99 99 99 99 99 99 99 99 99 99 99 99 99 99 99 99 99 99 99 99 99 
99 99 99 99 99 99 99 99 99 99 99 99 99 99 99 99 99 99 99 99 99 99 99 99 99 99 99 99 99 99 99 99 99 99 99 99 99 99 99 99 99 99 99 99 99 99 99 99 99 99 99 99 99 99 99 99 99 99 99 99 99 99 99 

99 99 99 99 99 99 99 99 99 99 99 99 99 99 99 99 99 99 99 99 99 99 99 99 99 99 99 99 99 99 99 99 99 99 99 99 99 99 99 99 99 99 99 99 99 99 99 99 99 99 99 99 99 99 99 99 99 99 99 99 99 99 99 99 
99 99 99 99 99 99 99 99 99 99 99 99 99 99 99 99 99 99 99 99 99 99 99 99 99 99 99 99 99 99 99 99 99 99 99 99 99 99 99 99 99 99 99 99 99 99 99 99 99 99 99 99 99 99 99 99 99 99 99 99 99 99 99 99 
99 99 99 99 99 99 99 99 99 99 99 99 99 99 99 99 99 99 99 99 99 99 99 99 99 99 99 99 99 99 99 99 99 99 99 99 99 99 99 99 99 99 99 99 99 99 99 99 99 99 99 99 99 99 99 99 99 99 99 99 99 99 99 99 
99 99 99 99 99 99 99 99 99 99 99 99 99 99 99 99 99 99 99 99 99 99 99 99 99 99 99 99 99 99 98 98 98 98 99 99 99 99 99 99 99 99 99 99 99 99 99 99 99 99 99 99 99 99 99 99 99 99 99 99 99 99 99 99 
99 99 99 99 99 99 99 99 99 99 99 99 99 99 99 99 99 99 99 99 99 99 99 99 99 99 99 99 98 98 97 96 95 96 98 98 99 99 99 99 99 99 99 99 99 99 99 99 99 99 99 99 99 99 99 99 99 99 99 99 99 99 99 99 
99 99 99 99 99 99 99 99 99 99 99 99 99 99 99 99 99 99 99 99 99 99 99 99 99 99 99 98 98 96 91 87 84 86 90 97 98 99 99 99 99 99 99 99 99 99 99 99 99 99 99 99 99 99 99 99 99 99 99 99 99 99 99 99 
99 99 99 99 99 99 99 99 99 99 99 99 99 99 99 99 98 98 98 98 99 99 99 99 99 99 99 98 97 92 87 87 87 86 84 88 97 98 99 99 99 99 99 99 99 99 99 99 99 99 99 99 99 99 99 99 99 99 99 99 99 99 99 99 
99 99 99 99 99 99 99 99 99 99 99 99 99 99 98 98 97 96 96 97 98 98 99 99 99 99 98 98 97 94 94 97 98 97 94 89 92 98 99 99 99 99 99 99 99 99 99 99 99 99 99 99 99 99 99 99 99 99 99 99 99 99 99 99 
99 99 99 99 99 99 99 99 99 99 99 99 99 98 98 95 91 88 86 86 90 96 98 98 99 99 99 98 97 97 98 98 99 98 98 96 94 97 98 99 99 99 99 99 99 99 99 99 99 99 99 99 99 99 99 99 99 99 99 99 99 99 99 99 
99 99 99 99 99 99 99 99 99 99 99 99 99 98 96 92 88 87 87 85 81 82 93 98 98 99 99 98 98 98 98 99 99 99 99 98 97 98 98 99 99 99 99 99 99 99 99 99 99 99 99 99 99 99 99 99 99 99 99 99 99 99 99 99 
99 99 99 99 99 99 99 99 99 99 99 99 98 98 97 95 95 96 97 97 94 89 80 92 98 98 98 98 98 98 99 99 99 99 99 98 98 98 98 99 99 99 99 99 99 99 99 99 99 99 99 99 99 99 99 99 99 99 99 99 99 99 99 99 
99 99 99 99 99 99 99 99 99 99 99 99 99 98 98 97 98 98 99 98 98 98 94 87 95 98 99 98 98 98 98 99 99 99 99 99 98 98 98 99 99 99 99 99 99 99 99 99 99 99 99 99 99 99 99 99 99 99 99 99 99 99 99 99 
99 99 99 99 99 99 99 99 99 99 99 99 99 99 98 98 98 99 99 99 99 98 98 96 93 98 98 98 98 98 98 99 99 99 99 98 98 98 98 99 99 99 99 99 99 99 99 99 99 99 99 99 99 99 99 99 99 99 99 99 99 99 99 99 
99 99 99 99 99 99 99 99 99 99 99 99 98 98 98 98 98 99 99 99 99 99 98 98 98 98 98 99 98 98 98 99 99 99 99 98 98 98 99 99 99 99 99 99 99 99 99 99 99 99 99 99 99 99 99 99 99 99 99 99 99 99 99 99 
99 99 99 99 99 99 99 99 99 99 99 99 98 98 96 94 96 98 99 99 99 99 99 98 98 98 99 99 99 99 99 99 99 99 99 99 98 98 99 99 99 99 99 99 99 99 99 99 99 99 99 99 99 99 99 99 99 99 99 99 99 99 99 99 
99 99 99 99 99 99 99 99 99 99 99 98 98 98 97 90 89 96 98 98 98 98 98 98 96 98 99 98 98 98 98 99 99 99 99 98 98 98 98 99 99 99 99 99 99 99 99 99 99 99 99 99 99 99 99 99 99 99 99 99 99 99 99 99 
99 99 99 99 99 99 99 99 99 98 98 97 97 96 98 97 87 82 91 96 97 97 95 94 97 98 98 98 98 98 99 99 99 99 99 99 98 98 98 99 99 99 99 99 99 99 99 99 99 99 99 99 99 99 99 99 99 99 99 99 99 99 99 99 
99 99 99 99 99 99 99 99 98 98 95 93 87 87 86 93 98 90 80 85 84 87 84 90 95 98 98 99 98 98 98 99 99 99 99 98 98 98 99 99 99 99 99 99 99 99 99 99 99 99 99 99 99 99 99 99 99 99 99 99 99 99 99 99 
99 99 99 99 99 99 99 99 98 96 92 87 87 86 85 81 84 96 97 87 86 85 91 94 98 98 98 99 98 98 99 99 99 99 99 99 98 98 99 99 99 99 99 99 99 99 99 99 99 99 99 99 99 99 99 99 99 99 99 99 99 99 99 99 
99 99 99 99 99 99 99 98 98 97 94 94 96 97 96 93 85 80 86 96 98 97 97 98 98 98 99 99 98 98 99 99 99 99 99 99 98 98 99 99 99 99 99 99 99 99 99 99 99 99 99 99 99 99 99 99 99 99 99 99 99 99 99 99 
99 99 99 99 99 99 99 99 98 97 97 98 98 98 98 98 97 92 84 78 84 92 98 98 99 99 99 99 98 98 98 99 99 99 99 98 98 98 99 99 99 99 99 99 99 99 99 99 99 99 99 99 99 99 99 99 99 99 99 99 99 99 99 99 
99 99 99 99 99 99 99 99 99 98 99 99 99 99 99 99 98 98 97 92 84 79 85 96 98 99 99 98 98 98 99 99 99 99 99 99 98 98 98 99 99 99 99 99 99 99 99 99 99 99 99 99 99 99 99 99 99 99 99 99 99 99 99 99 
99 99 99 99 99 99 99 98 98 98 98 98 99 99 99 99 99 99 98 98 98 93 86 86 97 98 99 99 99 99 99 99 99 99 99 99 99 99 99 99 99 99 99 99 99 99 99 99 99 99 99 99 99 99 99 99 99 99 99 99 99 99 99 99 
99 99 99 99 99 99 99 98 98 95 94 96 98 98 99 99 99 99 99 99 99 98 96 92 93 98 99 98 98 98 99 99 99 99 99 99 98 98 98 99 99 99 99 99 99 99 99 99 99 99 99 99 99 99 99 99 99 99 99 99 99 99 99 99 
99 99 99 99 99 99 99 99 98 97 88 89 94 98 98 99 99 99 99 99 99 99 98 98 97 98 98 99 98 98 98 99 99 99 99 98 98 98 99 99 99 99 99 99 99 99 99 99 99 99 99 99 99 99 99 99 99 99 99 99 99 99 99 99 
99 99 99 99 99 99 99 99 98 98 96 86 82 88 95 98 98 99 99 99 99 99 99 98 98 99 99 99 98 99 99 99 99 99 99 99 99 98 99 99 99 99 99 99 99 99 99 99 99 99 99 99 99 99 99 99 99 99 99 99 99 99 99 99 
99 99 99 99 99 99 99 99 99 98 98 97 90 81 81 89 96 98 99 99 99 99 98 98 97 98 99 99 98 98 98 99 99 99 99 98 99 98 99 99 99 99 99 99 99 99 99 99 99 99 99 99 99 99 99 99 99 99 99 99 99 99 99 99 
99 99 99 99 99 99 99 99 99 99 99 98 98 96 89 81 82 92 97 98 98 98 97 95 97 98 98 99 98 98 98 99 99 99 99 98 99 99 99 99 99 99 99 99 99 99 99 99 99 99 99 99 99 99 99 99 99 99 99 99 99 99 99 99 
99 99 99 99 99 99 99 99 99 99 99 99 99 98 98 95 86 79 83 89 91 90 87 89 95 98 99 99 98 98 98 99 99 99 99 99 98 98 99 99 99 99 99 99 99 99 99 99 99 99 99 99 99 99 99 99 99 99 99 99 99 99 99 99 
99 99 99 99 99 99 99 99 99 98 98 98 98 98 98 98 98 94 85 81 83 84 89 93 98 98 98 98 98 98 98 99 99 99 99 98 98 98 98 98 98 98 98 98 98 98 98 98 98 98 98 98 98 98 98 99 99 99 99 99 99 99 99 99 
99 99 99 99 99 99 99 98 98 97 96 94 93 94 93 93 93 94 97 98 98 98 98 96 94 93 93 93 95 98 98 99 99 99 99 98 98 96 94 93 93 93 93 93 93 93 93 93 94 93 91 89 90 93 97 98 98 99 99 99 99 99 99 99 
99 99 99 99 99 99 98 98 96 91 86 82 80 79 78 78 78 78 78 80 80 80 79 78 78 78 79 79 89 98 99 99 99 99 99 98 95 85 79 78 79 78 78 78 78 78 78 78 78 77 76 80 80 84 87 95 98 98 99 99 99 99 99 99 
99 99 99 99 99 99 98 96 91 87 87 89 90 90 91 91 91 91 91 91 91 91 91 92 91 91 91 92 97 98 99 99 99 99 99 98 97 93 91 91 91 91 91 91 91 91 91 91 91 92 94 94 93 90 89 91 97 98 99 99 99 99 99 99 
99 99 99 99 99 98 98 96 94 94 97 98 98 98 98 98 98 98 98 98 98 98 98 98 98 98 98 98 98 99 99 99 99 99 99 99 98 98 98 98 98 98 98 98 98 98 98 98 98 98 98 98 98 98 97 96 97 98 98 99 99 99 99 99 
99 99 99 99 99 98 98 98 97 98 98 99 99 99 99 99 99 99 99 99 99 99 99 99 99 99 99 99 99 99 99 99 99 99 99 99 99 99 99 99 99 99 99 99 99 99 99 99 99 99 99 99 99 99 98 98 98 98 99 99 99 99 99 99 
99 99 99 99 99 99 99 99 99 99 99 99 99 99 99 99 99 99 99 99 99 99 99 99 99 99 99 99 99 99 99 99 99 99 99 99 99 99 99 99 99 99 99 99 99 99 99 99 99 99 99 99 99 99 98 98 98 99 99 99 99 99 99 99 
99 99 99 99 99 98 98 98 97 98 98 99 99 99 99 99 99 99 99 99 99 99 99 99 99 99 99 99 99 99 99 99 99 99 99 99 99 99 99 99 99 99 99 99 99 99 99 99 99 99 99 99 99 98 98 97 97 98 98 99 99 99 99 99 
99 99 99 99 99 98 98 96 94 94 97 98 98 98 98 98 98 98 98 98 98 98 98 98 98 98 98 99 99 99 99 99 99 99 99 98 98 98 98 98 98 98 98 98 98 98 98 98 98 98 98 98 98 96 92 91 96 98 99 99 99 99 99 99 
99 99 99 99 99 99 98 96 91 87 87 89 90 90 91 91 91 91 91 91 91 91 91 92 92 94 98 98 99 99 99 99 99 99 98 95 92 91 91 91 91 91 91 91 91 91 91 91 91 91 90 89 87 85 85 93 98 98 99 99 99 99 99 99 
99 99 99 99 99 99 98 98 96 91 86 82 80 79 78 78 78 78 78 78 78 78 78 78 80 90 98 99 99 99 99 99 99 98 92 80 78 79 79 79 79 78 78 78 78 78 78 78 78 79 79 79 81 86 94 98 98 99 99 99 99 99 99 99 
99 99 99 99 99 99 99 98 98 97 96 94 93 94 93 93 93 93 93 93 93 93 93 93 96 98 98 98 99 99 99 99 99 97 91 91 94 96 96 96 95 94 93 93 93 93 93 93 94 93 94 95 96 98 98 98 99 99 99 99 99 99 99 99 
99 99 99 99 99 99 99 99 99 98 98 98 98 98 98 98 98 98 98 98 98 98 98 98 97 94 98 99 99 99 99 99 98 96 95 98 97 96 94 95 96 98 98 98 98 98 98 98 98 98 98 98 98 98 99 99 99 99 99 99 99 99 99 99 
99 99 99 99 99 99 99 99 99 99 99 99 99 99 99 99 99 99 99 99 99 99 98 97 90 96 98 99 99 99 99 98 97 94 98 97 93 90 87 85 85 88 96 98 98 99 99 99 99 99 99 99 99 99 99 99 99 99 99 99 99 99 99 99 
99 99 99 99 99 99 99 99 99 99 99 99 99 99 99 99 99 99 99 99 99 99 98 92 91 97 98 99 99 99 99 98 95 94 99 96 93 90 91 91 88 85 82 94 98 98 99 99 99 99 99 99 99 99 99 99 99 99 99 99 99 99 99 99 
99 99 99 99 99 99 99 99 99 99 99 99 99 99 99 99 99 99 99 99 99 98 95 89 96 98 99 99 99 99 98 96 92 97 98 97 96 97 98 98 98 95 89 81 94 98 99 99 99 99 99 99 99 99 99 99 99 99 99 99 99 99 99 99 
99 99 99 99 99 99 99 99 99 99 99 99 99 99 99 99 99 99 99 99 99 98 91 94 98 99 99 99 99 99 98 94 93 98 98 98 98 98 99 99 99 98 98 93 83 95 98 99 99 99 99 99 99 99 99 99 99 99 99 99 99 99 99 99 
99 99 99 99 99 99 99 99 99 99 99 99 99 99 99 99 99 99 99 99 98 94 92 98 99 99 99 99 99 98 96 90 97 98 98 98 98 98 99 99 99 99 98 98 94 86 96 98 99 99 99 99 99 99 99 99 99 99 99 99 99 99 99 99 
99 99 99 99 99 99 99 99 99 99 99 99 99 99 99 99 99 99 99 98 97 91 96 98 99 99 99 99 99 98 92 95 98 98 98 97 97 98 99 99 99 99 99 98 97 93 87 97 98 99 99 99 99 99 99 99 99 99 99 99 99 99 99 99 
99 99 99 99 99 99 99 99 99 99 99 99 99 99 99 99 99 99 98 97 90 94 98 99 99 99 99 99 98 96 93 98 98 98 98 95 92 97 98 99 99 99 99 99 98 97 92 89 97 98 99 99 99 99 99 99 99 99 99 99 99 99 99 99 
99 99 99 99 99 99 99 99 99 99 99 99 99 99 99 99 99 98 98 92 90 97 98 99 99 99 99 98 98 92 95 98 99 99 98 98 90 89 96 98 99 99 99 99 99 98 96 90 91 98 98 99 99 99 99 99 99 99 99 99 99 99 99 99 
99 99 99 99 99 99 99 99 99 99 99 99 99 99 99 99 98 98 93 88 95 98 99 99 99 99 99 98 93 91 98 99 99 99 99 98 97 87 84 95 98 98 99 99 99 99 98 95 89 93 98 99 99 99 99 99 99 99 99 99 99 99 99 99 
99 99 99 99 99 99 99 99 99 99 99 99 99 99 99 98 98 94 87 95 98 98 99 99 99 99 98 94 87 96 98 99 99 99 99 99 98 97 87 84 94 98 98 99 99 99 98 98 95 90 96 98 99 99 99 99 99 99 99 99 99 99 99 99 
99 99 99 99 99 99 99 99 99 99 99 99 99 99 98 98 94 86 94 98 98 99 99 99 99 98 95 87 93 98 99 99 99 99 99 99 99 98 98 90 86 95 98 99 99 99 99 98 98 95 93 98 98 99 99 99 99 99 99 99 99 99 99 99 
99 99 99 99 99 99 99 99 99 99 99 99 99 98 98 96 89 95 97 98 99 99 99 99 98 96 90 92 98 98 99 99 99 99 99 99 99 99 98 98 91 89 96 98 99 99 99 99 98 97 96 97 98 99 99 99 99 99 99 99 99 99 99 99 
99 99 99 99 99 99 99 99 99 99 99 99 99 98 98 94 96 97 98 99 99 99 99 98 97 92 90 97 98 99 99 99 99 99 99 99 99 99 99 98 97 90 92 97 98 99 99 99 99 98 98 98 98 98 99 99 99 99 99 99 99 99 99 99 
99 99 99 99 99 99 99 99 99 99 99 99 98 98 98 98 98 98 99 99 99 99 98 97 93 88 97 98 99 99 99 99 99 99 99 99 99 99 99 99 98 97 90 94 98 98 99 99 99 98 98 98 99 99 99 99 99 99 99 99 99 99 99 99 
99 99 99 99 99 99 99 99 99 99 99 99 99 99 98 98 98 98 99 99 98 98 97 93 86 95 98 99 99 99 99 99 99 99 99 99 99 99 99 99 99 98 96 90 94 97 98 98 98 98 97 98 98 99 99 99 99 99 99 99 99 99 99 99 
99 99 99 99 99 99 99 99 99 99 99 99 99 99 98 97 98 98 98 98 98 95 92 84 95 98 98 99 99 99 99 99 99 99 99 99 99 99 99 99 99 99 98 93 87 92 94 96 95 94 96 98 98 98 99 99 99 99 99 99 99 99 99 99 
99 99 99 99 99 99 99 99 99 99 99 99 98 98 98 97 95 94 95 95 92 90 84 95 98 98 99 99 99 99 99 99 99 99 99 99 99 99 99 99 99 99 98 98 92 86 86 86 87 89 94 97 98 99 99 99 99 99 99 99 99 99 99 99 
99 99 99 99 99 99 99 99 99 99 99 99 99 98 98 95 92 87 89 85 87 86 96 98 99 99 99 99 99 99 99 99 99 99 99 99 99 99 99 99 99 99 99 98 98 94 90 89 91 94 97 98 98 99 99 99 99 99 99 99 99 99 99 99 
99 99 99 99 99 99 99 99 99 99 99 99 99 98 98 98 94 93 89 91 92 97 98 99 99 99 99 99 99 99 99 99 99 99 99 99 99 99 99 99 99 99 99 99 98 98 97 97 97 98 98 98 99 99 99 99 99 99 99 99 99 99 99 99 
99 99 99 99 99 99 99 99 99 99 99 99 99 99 98 98 98 97 97 97 98 98 99 99 99 99 99 99 99 99 99 99 99 99 99 99 99 99 99 99 99 99 99 99 99 99 98 98 98 98 99 99 99 99 99 99 99 99 99 99 99 99 99 99 
99 99 99 99 99 99 99 99 99 99 99 99 99 99 99 99 98 98 98 98 99 99 99 99 99 99 99 99 99 99 99 99 99 99 99 99 99 99 99 99 99 99 99 99 99 99 99 99 99 99 99 99 99 99 99 99 99 99 99 99 99 99 99 99 
